0;0.996388;3865385;7;0.9952389837987525
0;0.997562;4085905;6;0.9963568201312966
1;0.995342;7378032;4;0.9961102278949612
0;0.998798;4024616;6;0.9979571078805618
0;0.995629;7929788;6;0.9981913593472562
2;0.999661;5125902;6;0.9958361743312544
0;0.998290;6062168;2;0.9986650072682661
2;0.995789;4377778;7;0.9972337574385884
1;0.997450;3375418;7;0.9959088473033942
2;0.999660;8005883;4;0.9977029231642172
2;0.995137;8519643;5;0.9953483167687684
1;0.999533;5826173;2;0.9951737372845265
1;0.999621;4780407;1;0.9979308299404936
2;0.999852;7715377;2;0.9963342956644582
1;0.998432;3102712;5;0.9952089771903363
0;0.995252;6557769;3;0.9993364606449734
0;0.995476;3728854;7;0.9971348071993109
2;0.995439;9293122;1;0.9963623688870495
2;0.995747;1713094;5;0.9994957795658299
2;0.995545;4139470;5;0.996524443380108
1;0.996077;1995961;1;0.9969331638729911
1;0.999458;8646417;4;0.9992709809798737
2;0.996324;9846700;5;0.9962701165349676
2;0.995919;2896460;4;0.9967161856767027
2;0.995584;2029515;3;0.9965810360920135
2;0.999193;9651894;4;0.9956450515650903
1;0.999176;2753616;5;0.9961789638503604
2;0.995719;5200639;4;0.9954099270647208
0;0.993454;4295334;6;0.997667360138391
2;0.999550;6806069;5;0.9995852707496212
2;0.995595;3666532;1;0.9983750157415112
2;0.997043;5954395;6;0.9965977595362653
2;0.998712;5552282;6;0.9984479605654922
0;0.995870;6526311;7;0.9997147597693715
1;0.996050;5458045;3;0.9998744024191097
2;0.996901;6195113;4;0.9969194228493944
2;0.997028;8208557;3;0.999046081558143
0;0.997724;9967150;3;0.9990879675174956
1;0.995142;9520623;5;0.9969364482804057
2;0.997362;7987314;3;0.9981089421690211
0;0.999099;1363769;4;0.999387571290395
0;0.996580;6293719;7;0.9953130863467895
2;0.995464;1243640;3;0.9982130387538329
0;0.999634;4236719;2;0.9999152604758894
0;0.998973;4130082;4;0.9581099954256503
1;0.995819;8918199;4;0.9987429598726733
0;0.999064;4777366;6;0.996607639859219
0;0.996120;7653819;4;0.9960774966307262
2;0.997425;3483800;1;0.9999133781035591
2;0.997225;9755653;4;0.9977959918462661
1;0.974869;6178659;6;0.9956253787719562
0;0.999118;4277124;6;0.9971838355004096
1;0.971661;9257856;7;0.9973837167602273
1;0.999293;3331451;2;0.9972982457584203
0;0.996578;4084671;2;0.9971612241226847
2;0.995545;5396954;1;0.9990721726498099
2;0.998476;9928363;6;0.9965271422745153
1;0.997617;1808818;3;0.9994637895398579
1;0.995720;2930032;5;0.9963056897103141
2;0.995619;2047367;1;0.995892936677448
0;0.996715;6139138;5;0.9953746934676011
2;0.998475;8534455;7;0.995570772245951
0;0.996666;9817400;2;0.9968477880705228
2;0.356055;4484466;7;0.9963166172694966
2;0.995400;6731228;3;0.9950994535703139
2;0.998547;3274370;1;0.9962026106884165
1;0.996311;5914324;3;0.9954195268267242
2;0.996971;1096401;6;0.9969664741015174
1;0.998461;1595648;4;0.9979389699951589
0;0.995387;6986871;3;0.9953519384218158
1;0.999183;4802889;5;0.9994212341422037
0;0.995326;1618679;5;0.9546099723522634
0;0.996662;6239483;6;0.9990331470626748
0;0.996806;7572196;5;0.9962456274962337
2;0.996413;9039893;7;0.9952461578953664
2;0.997993;8661049;5;0.9976986314511036
2;0.963762;1013460;4;0.9971758070396674
0;0.995728;1420560;6;0.9969616904520056
1;0.996732;7599445;4;0.9991261930164466
1;0.997734;4070173;2;0.9953175474966641
1;0.999281;7961691;4;0.9967451210623938
2;0.995777;7640384;5;0.9966537874966598
2;0.996378;4563742;6;0.9992719501889292
0;0.996893;4830931;4;0.9984153365033361
2;0.997702;8051438;3;0.9961815887373991
1;0.997919;3928919;4;0.9973401979485319
1;0.995984;6551057;1;0.9986408331561988
2;0.996215;8934825;1;0.9988289675282567
1;0.999914;8058633;6;0.9960498688706795
1;0.959983;4537002;5;0.998062972464296
1;0.996435;7572832;5;0.9961955200170358
0;0.996714;4697936;7;0.9982359182676087
0;0.997378;6265610;4;0.998387737245086
0;0.999391;2189450;4;0.9958988422738709
2;0.996111;4678202;7;0.9972015312175735
1;0.998500;5380416;3;0.9972246487028301
2;0.995986;8369116;2;0.9998153674110618
1;0.999798;6736883;3;0.9977103747533308
2;0.998564;1647860;5;0.9999268840569767
2;0.999975;8069469;7;0.6490346779564861
2;0.996753;2644943;1;0.9951356319586246
1;0.999471;7012052;5;0.9965678231251686
0;0.997169;2974620;5;0.9967444039851681
2;0.997862;6074271;1;0.9973496042953242
1;0.998125;6986702;1;0.9980179852226986
2;0.999317;8304294;1;0.9945283815650123
0;0.995926;3002901;4;0.9999155054642468
1;0.998693;1928630;2;0.996459540171949
2;0.999505;7715735;6;0.9950230823995296
2;0.999531;2168950;4;0.9966449646450446
2;0.999787;3756361;2;0.9951615219628704
0;0.998711;3650420;1;0.9958321346955187
1;0.996081;2621746;6;0.999006564873582
1;0.996292;8642927;4;0.9994546700823185
1;0.997870;4818239;7;0.9977227164510303
1;0.996181;6347953;3;0.9969777795255793
1;0.997604;9927983;7;0.9992497198285472
0;0.955535;4344690;2;0.9974848412388894
2;0.995679;8139844;4;0.9990679060863434
1;0.998535;2861756;2;0.9951634749178747
2;0.997259;4570756;1;0.9982555843318426
0;0.997691;1230814;2;0.9994347101523569
1;0.995038;5481116;2;0.996822382749068
2;0.999616;1160237;6;0.9977879844750491
0;0.996923;2638148;3;0.9977154591943624
2;0.998867;4343664;7;0.997830153874988
2;0.997725;8314977;6;0.998437688018222
0;0.996993;4565496;7;0.9964878291823485
1;0.997057;7355974;2;0.9983430639243427
0;0.998176;3214302;3;0.9994471372460277
1;0.996250;1768547;4;0.9950345457384336
0;0.998239;2492423;4;0.9963900669224673
2;0.995373;9784428;5;0.9952383606109998
1;0.998432;9182786;4;0.9971038511371709
0;0.998915;6059040;1;0.9962304464987862
2;0.995759;5460300;4;0.9984134880742008
1;0.998824;1538706;7;0.9980290256197487
0;0.999182;7494366;1;0.995036676570249
1;0.999404;6920045;6;0.9963335980005638
0;0.998964;1877614;1;0.9995315215497872
1;0.999381;4952982;6;0.9968610088034503
0;0.995970;6821409;7;0.996451106920352
1;0.998284;7933608;6;0.9976211561527076
1;0.996493;4441477;2;0.9977934436089169
0;0.998203;6289315;1;0.9990103629469705
1;0.996375;9810382;6;0.9965209051684532
0;0.997993;2796931;4;0.9990732185174068
1;0.999522;6486919;4;0.9953789900658521
2;0.995432;6441530;5;0.9953894640370038
0;0.996409;6496512;5;0.9988700030698855
0;0.996821;8739411;2;0.9990160097829637
0;0.998446;3384315;1;0.9994788893490237
0;0.997188;4817706;3;0.9978997472671801
1;0.997969;7140452;2;0.9984710583908631
1;0.999078;6906240;1;0.9996554169959826
1;0.996048;5657115;1;0.9953810418435644
2;0.999801;2555817;3;0.995996200738756
2;0.995098;4100774;3;0.9978665261799982
2;0.998382;6042734;7;0.9955710080799751
1;0.995470;4583692;3;0.9970253582600991
2;0.997357;3599160;2;0.9961530736348208
1;0.998103;5441155;7;0.9981849126570425
0;0.999947;1057606;3;0.9638434530262662
2;0.997981;8028609;3;0.9970674257566917
1;0.998336;7899901;5;0.9979620373379097
1;0.998274;2625711;2;0.9977729190173605
1;0.997025;9184265;4;0.9962485158875256
1;0.996263;8010601;5;0.9974685315269511
0;0.995258;1478526;2;0.9952022062005716
2;0.996883;2801596;5;0.9989545945020571
2;0.997674;8127447;1;0.9961089725639787
2;0.998593;8334323;1;0.9999889993049925
0;0.996241;2888395;5;0.9966383737523534
0;0.997504;8671794;4;0.9954685056512225
1;0.997220;1276747;3;0.9974490289200574
2;0.999412;8013498;3;0.9970584886160094
2;0.998207;5073023;3;0.995627936913211
0;0.995869;3240761;3;0.9990195143405199
1;0.998046;4313636;6;0.9955768617366014
1;0.998876;6603445;2;0.998550617153054
2;0.995149;2867594;6;0.998034073341045
2;0.995272;2120566;5;0.9979516335626442
2;0.997844;4270605;3;0.9959421527096216
0;0.998688;3899656;7;0.9993644598651634
0;0.997994;6131077;6;0.9994863874673755
0;0.996741;9808521;5;0.9991430778605614
1;0.996957;8891681;4;0.9991688965315392
2;0.997267;1164834;3;0.999124637960119
0;0.995546;7644206;4;0.9988066766287107
0;0.992198;1287493;4;0.9960093201571663
2;0.995709;2158913;4;0.9951845387486645
1;0.999769;4761328;3;0.9972828999094413
1;0.999230;8945730;3;0.9953677784439533
1;0.999647;7363007;3;0.9988914852197076
0;0.995026;4930233;5;0.9953189778091092
2;0.996436;2247129;4;0.9966574218880189
1;0.998728;4070966;1;0.9998604864077412
1;0.996880;4507677;1;0.9968177220806733
2;0.995738;2752070;3;0.9996533958810218
1;0.996505;4977076;6;0.9967493293802638
0;0.995752;8393432;2;0.9951205327399605
2;0.996616;3311887;2;0.9688484540831683
2;0.996227;4982824;7;0.9996039036376005
1;0.995490;1630167;3;0.9973616360860128
0;0.995973;7531390;6;0.9982349969090547
1;0.996301;6992481;4;0.995152882872433
0;0.998481;7592278;5;0.9970931729827821
2;0.998090;7843383;6;0.9986944017825218
1;0.997021;1545675;1;0.9985334374208489
0;0.996988;5894845;7;0.9961156616915336
0;0.997694;6011450;3;0.995856425972191
1;0.996992;9346348;5;0.9972838176973889
0;0.995687;3923544;1;0.9952095352533357
2;0.998647;8431142;5;0.9959161287414001
2;0.995923;5201572;3;0.9973670947874677
0;0.997463;8205693;7;0.9951192079351914
1;0.997839;4892970;3;0.9983187396657949
2;0.995432;1464538;3;0.997322837691557
1;0.995493;7437918;1;0.9954426953454052
0;0.996163;9656266;2;0.9994661231027588
0;0.997459;5867105;5;0.9963362408011065
0;0.999645;9637362;5;0.9991879190708268
1;0.998181;2063477;5;0.9976275790738065
1;0.995685;8125879;4;0.996499038146361
2;0.995108;4960161;2;0.9961405409027667
1;0.997420;4344220;7;0.9993954602859334
1;0.995139;5059357;6;0.995734280355854
2;0.998634;1024798;7;0.9987022544785232
0;0.996376;2644118;5;0.995675096437067
2;0.997458;7535685;6;0.9979795032788601
0;0.985853;4834709;3;0.9987374120086752
0;0.996900;5336045;2;0.9996354270937067
1;0.996408;1196552;4;0.9956700877460213
0;0.999872;5211795;6;0.9957759312581929
1;0.996421;9905666;1;0.9971944181777458
2;0.999877;1898895;6;0.9959230256517905
1;0.997705;6155863;7;0.9985769046343624
2;0.995090;7388750;2;0.9972006766731426
2;0.997447;5680126;4;0.9988846587218239
0;0.997885;3634403;7;0.9982869820809589
2;0.997711;9672183;4;0.9985167231454016
0;0.998325;8106955;6;0.9965477657595904
1;0.998830;9674958;7;0.9979642170870114
1;0.997443;8506742;5;0.9965488641774762
0;0.997919;8769530;3;0.9956841546488675
0;0.995137;4238314;1;0.9958909369880182
2;0.996520;9600570;5;0.9966809746413527
0;0.998886;7701802;5;0.9970351739433151
1;0.999732;9803278;3;0.9999280626396381
0;0.996858;8135415;7;0.9998505354105804
1;0.998735;6266636;7;0.9950818463330694
1;0.999158;5389354;6;0.9970152748711947
1;0.749323;4141508;4;0.9984701545154946
2;0.998997;9011704;5;0.9950919433799288
2;0.997579;7670274;2;0.9985071052756206
1;0.960156;5457846;5;0.9601558359220534
1;0.956835;9641199;1;0.9978961305783115
0;0.999744;2312330;5;0.9977460723595908
0;0.995875;8054688;6;0.9994951002377969
2;0.995042;1565946;6;0.9970016532365781
2;0.999824;2088101;3;0.9956051974466682
2;0.999688;7403255;6;0.9982623439169992
2;0.995745;7526310;3;0.9975520145766761
0;0.995236;5187406;4;0.9988420559557111
0;0.997169;8548820;7;0.9968332410852517
0;0.995569;7750883;2;0.9951278629973064
1;0.999888;3162130;4;0.3713806584628155
2;0.998672;2570374;1;0.9967517312897548
0;0.996647;2279616;5;0.9951332611006516
2;0.999800;3208707;5;0.9979636551403323
0;0.999589;7917276;6;0.9962495064262817
0;0.996305;8033501;6;0.9974870610122647
1;0.997875;6215809;4;0.9977694367992596
1;0.999253;3472793;3;0.9994395934894256
1;0.997194;8507372;4;0.999473990954193
2;0.997414;5767051;7;0.9984924468549268
0;0.999056;9226287;7;0.9950069282508384
0;0.997838;4668295;7;0.9992426019255878
0;0.998266;3940286;1;0.9991770897793119
0;0.998523;5861379;5;0.9952995122743404
1;0.995369;5765693;3;0.9954104372378684
0;0.998657;1403202;5;0.995238197540264
0;0.997221;8793400;3;0.9969444770622926
1;0.996694;3679344;7;0.9976669128457724
1;0.999553;3481300;6;0.9970690118044603
2;0.995202;5869789;7;0.9998171631638553
2;0.995816;8714998;6;0.9959289495306991
2;0.995209;4885963;4;0.9967201704694394
1;0.996387;1560751;5;0.9982466659310401
2;0.996712;7661474;4;0.999835371275832
1;0.995353;1024241;5;0.9951692239067271
1;0.995075;9439841;3;0.9955192398515759
2;0.999161;1108113;6;0.9968797513831665
1;0.996224;9257970;3;0.9971021142455234
2;0.998050;9818514;5;0.9997405625315195
2;0.996783;7355692;3;0.998255580594916
2;0.997978;3018639;3;0.99704870090976
2;0.997485;6646709;4;0.9956807478289766
0;0.997551;4010432;7;0.9982278777024033
1;0.997907;1273304;5;0.9980046874039401